91
353
365
465
752
802
806
818
825
865
881
991
1228
1383
2107
2264
2343
2373
2418
2437
2445
2481
2519
2550
2555
2589
2694
2698
2744
2908
2958
3048
3093
3094
3102
3239
3326
3505
3514
3560
3570
3590
3687
3916
3999
4040
4145
4378
4422
4511
4519
4843
6087
6382
6405
6423
6446
6451
6471
6499
6501
6512
6515
6516
6519
6552
6559
6562

91
353
365
465
752
802
806
818
825
858
865
881
991
1228
1383
2107
2264
2343
2373
2437
2550
2555
2589
2694
2698
2744
2908
2958
3048
3093
3094
3102
3239
3326
3505
3514
3560
3570
3590
3687
3916
3999
4040
4145
4378
4422
4511
4519
4843
6087
6382
6405
6423
6446
6451